Linear Model Expected Performance Below:
             precision    recall  f1-score   support

         ar       0.97      0.94      0.96       815
         az       0.93      0.81      0.87       373
         be       0.91      0.80      0.85       392
         bg       0.84      0.86      0.85       542
         ca       0.63      0.73      0.68       591
         ce       0.81      0.67      0.73       106
        ceb       0.80      0.49      0.61        57
         cs       0.89      0.76      0.82       456
         da       0.65      0.73      0.69       577
         de       0.83      0.82      0.83       915
         el       0.96      0.88      0.92       541
         en       0.57      0.85      0.68       892
         eo       0.86      0.64      0.73       386
         es       0.68      0.86      0.76      1020
         et       0.92      0.79      0.85       179
         eu       0.73      0.86      0.79       342
         fa       0.96      0.88      0.92       387
         fi       0.91      0.83      0.87       310
         fr       0.81      0.81      0.81       767
         gl       0.71      0.55      0.62       418
         he       1.00      0.97      0.98       456
         hi       0.96      0.88      0.92       410
         hr       0.51      0.44      0.47       360
         hu       0.92      0.88      0.90       539
         hy       0.99      0.90      0.94       442
         id       0.61      0.65      0.63       323
         it       0.74      0.84      0.79       949
         ja       0.94      0.84      0.89       337
         ka       1.00      0.98      0.99       226
         kk       0.93      0.71      0.80       218
         ko       1.00      0.94      0.97       244
         la       0.73      0.55      0.63       244
      lorem       0.93      1.00      0.96       660
         lt       0.95      0.79      0.86       308
         ms       0.64      0.49      0.56       240
         nl       0.89      0.77      0.83       486
         nn       0.73      0.45      0.55       272
         no       0.57      0.58      0.57       458
         pl       0.78      0.86      0.82       402
         pt       0.71      0.64      0.67       529
         ro       0.84      0.77      0.81       581
         ru       0.80      0.80      0.80       787
         sh       0.57      0.55      0.56       514
         sk       0.84      0.64      0.73       211
         sl       0.75      0.63      0.69       306
         sr       0.86      0.84      0.85       401
         sv       0.80      0.69      0.74       504
         th       1.00      0.86      0.92       281
         tr       0.85      0.79      0.82       490
         uk       0.86      0.85      0.85       669
         ur       1.00      0.88      0.94       181
         uz       0.91      0.75      0.82       171
         vi       0.85      0.89      0.87       634
         vo       0.94      0.46      0.62        71
        war       0.78      0.69      0.73       101
         zh       0.41      0.90      0.57       330

avg / total       0.81      0.79      0.79     24401

Neural Network Expected Performance Below:
             precision    recall  f1-score   support

         ar       0.98      0.94      0.96       815
         az       0.91      0.85      0.88       373
         be       0.93      0.83      0.88       392
         bg       0.85      0.84      0.85       542
         ca       0.71      0.74      0.72       591
         ce       0.85      0.68      0.75       106
        ceb       0.61      0.54      0.57        57
         cs       0.91      0.79      0.85       456
         da       0.67      0.73      0.70       577
         de       0.78      0.85      0.82       915
         el       0.97      0.89      0.93       541
         en       0.47      0.86      0.61       892
         eo       0.86      0.69      0.76       386
         es       0.74      0.83      0.78      1020
         et       0.87      0.81      0.84       179
         eu       0.83      0.83      0.83       342
         fa       0.95      0.87      0.91       387
         fi       0.91      0.82      0.86       310
         fr       0.71      0.87      0.78       767
         gl       0.67      0.62      0.64       418
         he       1.00      0.97      0.98       456
         hi       0.96      0.88      0.92       410
         hr       0.50      0.36      0.42       360
         hu       0.92      0.90      0.91       539
         hy       0.99      0.90      0.94       442
         id       0.64      0.72      0.67       323
         it       0.82      0.82      0.82       949
         ja       0.96      0.87      0.91       337
         ka       1.00      0.98      0.99       226
         kk       0.89      0.80      0.84       218
         ko       1.00      0.96      0.98       244
         la       0.74      0.59      0.66       244
      lorem       0.99      1.00      0.99       660
         lt       0.90      0.83      0.86       308
         ms       0.73      0.46      0.56       240
         nl       0.88      0.78      0.83       486
         nn       0.69      0.55      0.61       272
         no       0.56      0.58      0.57       458
         pl       0.79      0.86      0.82       402
         pt       0.71      0.65      0.68       529
         ro       0.78      0.80      0.79       581
         ru       0.76      0.82      0.79       787
         sh       0.54      0.62      0.58       514
         sk       0.84      0.73      0.78       211
         sl       0.72      0.64      0.68       306
         sr       0.94      0.79      0.86       401
         sv       0.77      0.70      0.73       504
         th       0.99      0.86      0.92       281
         tr       0.91      0.74      0.82       490
         uk       0.87      0.85      0.86       669
         ur       0.99      0.92      0.95       181
         uz       0.89      0.79      0.84       171
         vi       0.96      0.88      0.92       634
         vo       0.93      0.55      0.69        71
        war       0.71      0.68      0.70       101
         zh       0.93      0.86      0.89       330

avg / total       0.82      0.80      0.80     24401

Neural Network Expected Performance Below:
             precision    recall  f1-score   support

         ar       0.98      0.94      0.96       815
         az       0.91      0.85      0.88       373
         be       0.93      0.83      0.88       392
         bg       0.85      0.84      0.85       542
         ca       0.71      0.74      0.72       591
         ce       0.85      0.68      0.75       106
        ceb       0.61      0.54      0.57        57
         cs       0.91      0.79      0.85       456
         da       0.67      0.73      0.70       577
         de       0.78      0.85      0.82       915
         el       0.97      0.89      0.93       541
         en       0.47      0.86      0.61       892
         eo       0.86      0.69      0.76       386
         es       0.74      0.83      0.78      1020
         et       0.87      0.81      0.84       179
         eu       0.83      0.83      0.83       342
         fa       0.95      0.87      0.91       387
         fi       0.91      0.82      0.86       310
         fr       0.71      0.87      0.78       767
         gl       0.67      0.62      0.64       418
         he       1.00      0.97      0.98       456
         hi       0.96      0.88      0.92       410
         hr       0.50      0.36      0.42       360
         hu       0.92      0.90      0.91       539
         hy       0.99      0.90      0.94       442
         id       0.64      0.72      0.67       323
         it       0.82      0.82      0.82       949
         ja       0.96      0.87      0.91       337
         ka       1.00      0.98      0.99       226
         kk       0.89      0.80      0.84       218
         ko       1.00      0.96      0.98       244
         la       0.74      0.59      0.66       244
      lorem       0.99      1.00      0.99       660
         lt       0.90      0.83      0.86       308
         ms       0.73      0.46      0.56       240
         nl       0.88      0.78      0.83       486
         nn       0.69      0.55      0.61       272
         no       0.56      0.58      0.57       458
         pl       0.79      0.86      0.82       402
         pt       0.71      0.65      0.68       529
         ro       0.78      0.80      0.79       581
         ru       0.76      0.82      0.79       787
         sh       0.54      0.62      0.58       514
         sk       0.84      0.73      0.78       211
         sl       0.72      0.64      0.68       306
         sr       0.94      0.79      0.86       401
         sv       0.77      0.70      0.73       504
         th       0.99      0.86      0.92       281
         tr       0.91      0.74      0.82       490
         uk       0.87      0.85      0.86       669
         ur       0.99      0.92      0.95       181
         uz       0.89      0.79      0.84       171
         vi       0.96      0.88      0.92       634
         vo       0.93      0.55      0.69        71
        war       0.71      0.68      0.70       101
         zh       0.93      0.86      0.89       330

avg / total       0.82      0.80      0.80     24401
